1.000 0.601 0.933 0.326 0.518 0.398 0.294 0.002 0.548 0.384 0.976 0.680 0.824 0.749 0.909 0.942 0.543 0.026 0.901 0.613 0.403 0.241 0.269 0.361 0.275 0.219 0.084 0.333 0.718 0.912 0.725 0.063 0.800 0.728 0.995 0.748 0.521 0.662 0.887 0.012 0.260 0.970 0.995 0.394 0.147 0.286 0.695 0.967 0.060 0.340 0.633 0.380 0.174 0.939 0.334 0.637 0.326 0.170 0.619 0.883 0.988 0.707 0.531 0.724 0.907 0.034 0.417 0.858 0.867 0.156 0.386 0.958 0.852 0.335 0.683 0.375 0.517 0.781 0.372 0.461 0.987 0.021 0.987 0.229 0.056 0.779 0.837 0.940 0.522 0.750 0.888 0.909 0.882 0.189 0.157 0.980 0.868 0.988 0.277 0.095
0.601 1.000 0.549 0.384 0.508 0.574 0.425 0.756 0.427 0.767 0.634 0.285 0.254 0.177 0.015 0.881 0.539 0.590 0.771 0.550 0.294 0.863 0.939 0.528 0.921 0.510 0.601 0.405 0.459 0.946 0.487 0.383 0.990 0.316 0.164 0.215 0.092 0.861 0.280 0.686 0.594 0.763 0.159 0.120 0.342 0.208 0.165 0.065 0.666 0.179 0.787 0.879 0.612 0.328 0.047 0.004 0.550 0.728 0.815 0.391 0.706 0.202 0.621 0.519 0.294 0.799 0.497 0.873 0.216 0.361 0.729 0.035 0.404 0.958 0.398 0.373 0.197 0.374 0.323 0.388 0.241 0.082 0.348 0.028 0.023 0.719 0.698 0.302 0.520 0.180 0.068 0.031 0.943 0.466 0.002 0.324 0.380 0.322 0.558 0.564
0.933 0.549 1.000 0.767 0.477 0.987 0.707 0.684 0.545 0.935 0.068 0.981 0.930 0.541 0.585 0.980 0.829 0.923 0.249 0.378 0.385 0.649 0.691 0.278 0.319 0.394 0.716 0.363 0.682 0.960 0.365 0.491 0.663 0.661 0.184 0.290 0.988 0.167 0.634 0.646 0.043 0.142 0.914 0.592 0.007 0.035 0.186 0.564 0.403 0.426 0.875 0.007 0.528 0.348 0.680 0.565 0.786 0.698 0.797 0.452 0.341 0.409 0.176 0.617 0.962 0.040 0.935 0.643 0.153 0.884 0.628 0.789 0.643 0.196 0.148 0.835 0.396 0.371 0.191 0.229 0.272 0.688 0.749 0.154 0.956 0.496 0.612 0.855 0.579 0.723 0.830 0.029 0.371 0.038 0.357 0.048 0.121 0.015 0.164 0.292
0.326 0.384 0.767 1.000 0.347 0.851 0.595 0.436 0.039 0.413 0.274 0.914 0.201 0.503 0.788 0.488 0.188 0.660 0.044 0.821 0.389 0.879 0.330 0.749 0.506 0.433 0.443 0.295 0.983 0.993 0.388 0.592 0.687 0.017 0.181 0.363 0.732 0.337 0.433 0.963 0.844 0.658 0.345 0.229 0.746 0.898 0.429 0.624 0.289 0.897 0.995 0.187 0.942 0.340 0.271 0.166 0.560 0.462 0.935 0.744 0.928 0.623 0.136 0.679 0.315 0.394 0.279 0.444 0.847 0.927 0.263 0.113 0.798 0.411 0.173 0.433 0.041 0.481 0.623 0.278 0.584 0.954 0.309 0.090 0.584 0.053 0.631 0.176 0.893 0.984 0.425 0.436 0.059 0.899 0.731 0.024 0.031 0.037 0.831 0.541
0.518 0.508 0.477 0.347 1.000 0.725 0.683 0.454 0.172 0.148 0.517 0.609 0.586 0.425 0.854 0.126 0.692 0.678 0.818 0.430 0.420 0.893 0.255 0.124 0.305 0.256 0.223 0.838 0.152 0.416 0.670 0.840 0.155 0.519 0.890 0.261 0.312 0.953 0.880 0.814 0.645 0.025 0.148 0.277 0.528 0.625 0.809 0.571 0.619 0.214 0.445 0.863 0.039 0.417 0.081 0.011 0.843 0.778 0.957 0.710 0.304 0.532 0.702 0.420 0.699 0.888 0.750 0.200 0.529 0.407 0.218 0.524 0.109 0.769 0.358 0.700 0.001 0.411 0.776 0.218 0.939 0.379 0.971 0.174 0.094 0.140 0.838 0.882 0.954 0.815 0.782 0.218 0.103 0.405 0.651 0.097 0.395 0.025 0.396 0.950
0.398 0.574 0.987 0.851 0.725 1.000 0.026 0.605 0.211 0.333 0.187 0.301 0.222 0.792 0.710 0.836 0.165 0.643 0.336 0.952 0.504 0.820 0.176 0.898 0.299 0.864 0.809 0.754 0.328 0.393 0.588 0.833 0.153 0.971 0.621 0.708 0.271 0.295 0.267 0.948 0.805 0.695 0.853 0.434 0.939 0.979 0.122 0.276 0.395 0.052 0.175 0.203 0.588 0.748 0.301 0.810 0.225 0.218 0.799 0.972 0.058 0.430 0.666 0.252 0.864 0.435 0.175 0.455 0.862 0.268 0.365 0.034 0.790 0.327 0.547 0.351 0.339 0.221 0.159 0.786 0.634 0.213 0.518 0.026 0.916 0.698 0.655 0.061 0.883 0.923 0.712 0.490 0.251 0.209 0.641 0.156 0.912 0.396 0.275 0.582
0.294 0.425 0.707 0.595 0.683 0.026 1.000 0.166 0.547 0.746 0.276 0.236 0.436 0.757 0.291 0.757 0.816 0.836 0.825 0.470 0.701 0.215 0.732 0.564 0.440 0.705 0.711 0.605 0.270 0.440 0.069 0.027 0.201 0.686 0.004 0.602 0.668 0.924 0.862 0.224 0.523 0.786 0.275 0.068 0.455 0.679 0.149 0.564 0.534 0.480 0.747 0.761 0.893 0.181 0.408 0.972 0.744 0.347 0.023 0.640 0.073 0.502 0.664 0.498 0.944 0.809 0.504 0.119 0.369 0.197 0.293 0.380 0.815 0.134 0.268 0.442 0.284 0.419 0.150 0.676 0.147 0.513 0.991 0.612 0.859 0.702 0.879 0.765 0.497 0.942 0.044 0.999 0.435 0.781 0.482 0.154 0.805 0.548 0.248 0.764
0.002 0.756 0.684 0.436 0.454 0.605 0.166 1.000 0.708 0.688 0.969 0.694 0.882 0.469 0.702 0.210 0.474 0.599 0.361 0.469 0.822 0.464 0.982 0.058 0.933 0.528 0.590 0.321 0.135 0.881 0.909 0.213 0.268 0.217 0.824 0.796 0.010 0.745 0.879 0.677 0.112 0.210 0.805 0.187 0.988 0.487 0.930 0.663 0.741 0.679 0.839 0.944 0.617 0.056 0.046 0.113 0.520 0.786 0.926 0.203 0.444 0.197 0.646 0.078 0.248 0.109 0.848 0.569 0.118 0.481 0.024 0.546 0.245 0.394 0.370 0.165 0.733 0.695 0.650 0.240 0.992 0.456 0.090 0.868 0.816 0.888 0.965 0.998 0.999 0.960 0.090 0.454 0.723 0.452 0.286 0.967 0.699 0.018 0.743 0.039
0.548 0.427 0.545 0.039 0.172 0.211 0.547 0.708 1.000 0.182 0.186 0.315 0.263 0.630 0.984 0.938 0.347 0.520 0.998 0.067 0.527 0.397 0.517 0.598 0.467 0.149 0.511 0.346 0.477 0.637 0.194 0.153 0.988 0.684 0.181 0.026 0.794 0.371 0.982 0.177 0.631 0.512 0.816 0.471 0.624 0.311 0.913 0.557 0.706 0.606 0.338 0.290 0.193 0.235 0.303 0.657 0.797 0.334 0.306 0.022 0.709 0.321 0.593 0.216 0.977 0.311 0.545 0.984 0.160 0.486 0.825 0.694 0.144 0.171 0.319 0.497 0.775 0.482 0.617 0.022 0.113 0.646 0.605 0.540 0.599 0.329 0.397 0.426 0.389 0.133 0.097 0.069 0.065 0.889 0.934 0.948 0.199 0.732 0.492 0.077
0.384 0.767 0.935 0.413 0.148 0.333 0.746 0.688 0.182 1.000 0.873 0.073 0.909 0.557 0.727 0.153 0.804 0.026 0.546 0.875 0.703 0.811 0.642 0.455 0.058 0.760 0.416 0.157 0.017 0.483 0.392 0.572 0.096 0.958 0.015 0.097 0.199 0.912 0.470 0.032 0.627 0.003 0.739 0.624 0.519 0.042 0.811 0.337 0.237 0.729 0.267 0.016 0.363 0.751 0.464 0.551 0.811 0.685 0.227 0.358 0.029 0.218 0.800 0.307 0.922 0.254 0.730 0.888 0.220 0.832 0.293 0.585 0.256 0.518 0.760 0.378 0.973 0.091 0.122 0.077 0.403 0.415 0.941 0.597 0.491 0.114 0.027 0.563 0.903 0.265 0.312 0.914 0.544 0.808 0.133 0.153 0.401 0.135 0.465 0.736
0.976 0.634 0.068 0.274 0.517 0.187 0.276 0.969 0.186 0.873 1.000 0.079 0.426 0.198 0.726 0.300 0.583 0.045 0.331 0.787 0.460 0.142 0.073 0.392 0.504 0.959 0.300 0.708 0.147 0.862 0.385 0.600 0.102 0.687 0.714 0.382 0.890 0.380 0.004 0.415 0.816 0.693 0.396 0.275 0.384 0.056 0.428 0.386 0.192 0.335 0.139 0.131 0.983 0.135 0.872 0.227 0.589 0.881 0.702 0.237 0.685 0.488 0.549 0.633 0.025 0.068 0.879 0.215 0.258 0.725 0.949 0.909 0.300 0.147 0.572 0.152 0.898 0.630 0.339 0.328 0.032 0.412 0.400 0.022 0.243 0.310 0.613 0.139 0.422 0.026 0.826 0.123 0.590 0.148 0.955 0.737 0.782 0.413 0.215 0.637
0.680 0.285 0.981 0.914 0.609 0.301 0.236 0.694 0.315 0.073 0.079 1.000 0.856 0.678 0.565 0.867 0.946 0.884 0.668 0.223 0.109 0.908 0.854 0.412 0.080 0.204 0.549 0.354 0.835 0.722 0.324 0.134 0.681 0.620 0.713 0.647 0.343 0.401 0.710 0.826 0.220 0.696 0.918 0.455 0.008 0.625 0.207 0.069 0.152 0.846 0.603 0.359 0.505 0.873 0.044 0.402 0.694 0.217 0.065 0.900 0.584 0.692 0.870 0.564 0.491 0.478 0.229 0.502 0.283 0.688 0.132 0.616 0.447 0.674 0.271 0.732 0.404 0.677 0.345 0.746 0.115 0.300 0.907 0.003 0.368 0.416 0.089 0.850 0.876 0.084 0.250 0.469 0.161 0.449 0.019 0.399 0.520 0.403 0.477 0.273
0.824 0.254 0.930 0.201 0.586 0.222 0.436 0.882 0.263 0.909 0.426 0.856 1.000 0.534 0.671 0.674 0.824 0.397 0.835 0.912 0.949 0.570 0.222 0.225 0.792 0.787 0.265 0.419 0.501 0.218 0.480 0.558 0.164 0.895 0.343 0.847 0.970 0.739 0.430 0.757 0.968 0.031 0.517 0.037 0.629 0.204 0.772 0.667 0.914 0.825 0.902 0.166 0.360 0.682 0.104 0.654 0.028 0.590 0.211 0.644 0.521 0.585 0.937 0.457 0.981 0.829 0.114 0.998 0.489 0.785 0.779 0.760 0.103 0.158 0.665 0.862 0.679 0.533 0.277 0.510 0.756 0.651 0.530 0.664 0.692 0.721 0.311 0.839 0.802 0.017 0.435 0.947 0.971 0.370 0.138 0.927 0.768 0.884 0.160 0.721
0.749 0.177 0.541 0.503 0.425 0.792 0.757 0.469 0.630 0.557 0.198 0.678 0.534 1.000 0.691 0.437 0.697 0.872 0.221 0.089 0.053 0.757 0.389 0.615 0.639 0.261 0.235 0.293 0.461 0.952 0.185 0.892 0.129 0.108 0.904 0.975 0.046 0.230 0.737 0.735 0.413 0.782 0.072 0.686 0.016 0.304 0.781 0.456 0.979 0.582 0.699 0.625 0.976 0.031 0.993 0.275 0.979 0.637 0.462 0.844 0.625 0.510 0.384 0.944 0.699 0.459 0.876 0.991 0.134 0.638 0.656 0.431 0.517 0.942 0.288 0.242 0.279 0.689 0.050 0.718 0.183 0.682 0.666 0.716 0.324 0.518 0.097 0.386 0.554 0.882 0.474 0.965 0.252 0.081 0.941 0.392 0.409 0.463 0.678 0.640
0.909 0.015 0.585 0.788 0.854 0.710 0.291 0.702 0.984 0.727 0.726 0.565 0.671 0.691 1.000 0.023 0.865 0.617 0.211 0.870 0.268 0.245 0.048 0.299 0.815 0.843 0.676 0.564 0.541 0.390 0.053 0.376 0.024 0.764 0.506 0.623 0.240 0.989 0.380 0.804 0.360 0.193 0.123 0.075 0.211 0.547 0.017 0.504 0.761 0.996 0.244 0.832 0.931 0.844 0.390 0.269 0.344 0.567 0.762 0.097 0.832 0.155 0.256 0.122 0.698 0.586 0.838 0.361 0.172 0.956 0.676 0.113 0.092 0.856 0.580 0.790 0.185 0.063 0.641 0.059 0.477 0.322 0.932 0.210 0.371 0.940 0.927 0.377 0.771 0.440 0.371 0.157 0.934 0.877 0.666 0.211 0.188 0.313 0.711 0.438
0.942 0.881 0.980 0.488 0.126 0.836 0.757 0.210 0.938 0.153 0.300 0.867 0.674 0.437 0.023 1.000 0.496 0.832 0.911 0.284 0.964 0.162 0.883 0.370 0.239 0.856 0.837 0.071 0.375 0.614 0.064 0.290 0.269 0.185 0.778 0.655 0.053 0.792 0.268 0.021 0.210 0.183 0.255 0.639 0.280 0.593 0.352 0.406 0.589 0.505 0.608 0.125 0.042 0.551 0.457 0.374 0.581 0.908 0.503 0.244 0.774 0.147 0.013 0.458 0.038 0.297 0.571 0.077 0.764 0.254 0.745 0.242 0.972 0.370 0.904 0.265 0.026 0.501 0.268 0.156 0.735 0.041 0.070 0.048 0.283 0.710 0.508 0.451 0.745 0.679 0.197 0.664 0.431 0.084 0.937 0.358 0.819 0.286 0.130 0.723
0.543 0.539 0.829 0.188 0.692 0.165 0.816 0.474 0.347 0.804 0.583 0.946 0.824 0.697 0.865 0.496 1.000 0.911 0.635 0.198 0.606 0.673 0.563 0.305 0.926 0.283 0.435 0.582 0.040 0.564 0.010 0.043 0.840 0.688 0.614 0.675 0.344 0.150 0.745 0.727 0.505 0.409 0.916 0.628 0.600 0.744 0.650 0.940 0.932 0.653 0.561 0.456 0.906 0.070 0.089 0.556 0.107 0.161 0.063 0.573 0.511 0.049 0.137 0.125 0.812 0.224 0.821 0.748 0.964 0.311 0.909 0.586 0.268 0.652 0.129 0.639 0.832 0.968 0.912 0.763 0.451 0.766 0.756 0.252 0.396 0.981 0.778 0.772 0.251 0.769 0.493 0.595 0.593 0.254 0.645 0.718 0.871 0.359 0.541 0.945
0.026 0.590 0.923 0.660 0.678 0.643 0.836 0.599 0.520 0.026 0.045 0.884 0.397 0.872 0.617 0.832 0.911 1.000 0.843 0.161 0.788 0.260 0.006 0.725 0.568 0.272 0.113 0.385 0.815 0.779 0.988 0.326 0.169 0.725 0.554 0.042 0.610 0.036 0.162 0.226 0.141 0.664 0.602 0.739 0.982 0.181 0.511 0.173 0.469 0.921 0.362 0.208 0.225 0.016 0.534 0.126 0.191 0.700 0.178 0.903 0.586 0.573 0.694 0.987 0.034 0.015 0.426 0.123 0.568 0.844 0.489 0.187 0.317 0.325 0.049 0.957 0.901 0.508 0.471 0.075 0.152 0.188 0.148 0.392 0.756 0.951 0.349 0.270 0.518 0.774 0.906 0.232 0.366 0.061 0.247 0.916 0.353 0.716 0.186 0.692
0.901 0.771 0.249 0.044 0.818 0.336 0.825 0.361 0.998 0.546 0.331 0.668 0.835 0.221 0.211 0.911 0.635 0.843 1.000 0.932 0.016 0.809 0.766 0.166 0.968 0.582 0.174 0.053 0.147 0.366 0.520 0.538 0.973 0.238 0.406 0.622 0.760 0.819 0.254 0.778 0.895 0.753 0.276 0.986 0.062 0.855 0.788 0.667 0.314 0.693 0.202 0.613 0.459 0.320 0.468 0.269 0.390 0.735 0.214 0.431 0.599 0.800 0.286 0.465 0.437 0.715 0.146 0.462 0.477 0.769 0.647 0.600 0.725 0.977 0.291 0.007 0.745 0.162 0.130 0.632 0.289 0.685 0.283 0.953 0.529 0.439 0.302 0.842 0.576 0.892 0.473 0.445 0.823 0.499 0.069 0.073 0.462 0.476 0.473 0.667
0.613 0.550 0.378 0.821 0.430 0.952 0.470 0.469 0.067 0.875 0.787 0.223 0.912 0.089 0.870 0.284 0.198 0.161 0.932 1.000 0.591 0.515 0.028 0.661 0.383 0.096 0.335 0.206 0.606 0.153 0.415 0.668 0.332 0.780 0.545 0.098 0.562 0.675 0.964 0.864 0.591 0.860 0.935 0.967 0.990 0.346 0.573 0.606 0.544 0.815 0.887 0.401 0.928 0.015 0.868 0.124 0.979 0.688 0.098 0.917 0.464 0.223 0.124 0.215 0.602 0.754 0.370 0.418 0.148 0.691 0.872 0.712 0.341 0.488 0.855 0.500 0.289 0.738 0.581 0.314 0.513 0.123 0.370 0.823 0.141 0.568 0.723 0.475 0.974 0.353 0.181 0.619 0.346 0.599 0.255 0.768 0.280 0.521 0.561 0.845
0.403 0.294 0.385 0.389 0.420 0.504 0.701 0.822 0.527 0.703 0.460 0.109 0.949 0.053 0.268 0.964 0.606 0.788 0.016 0.591 1.000 0.998 0.437 0.787 0.734 0.685 0.607 0.970 0.446 0.452 0.399 0.523 0.534 0.857 0.762 0.663 0.548 0.692 0.060 0.737 0.317 0.212 0.239 0.580 0.575 0.848 0.017 0.898 0.904 0.515 0.932 0.475 0.233 0.488 0.227 0.984 0.753 0.120 0.169 0.963 0.802 0.616 0.473 0.037 0.232 0.582 0.431 0.332 0.100 0.144 0.522 0.119 0.553 0.971 0.811 0.581 0.196 0.568 0.386 0.877 0.319 0.361 0.614 0.634 0.090 0.004 0.611 0.703 0.237 0.673 0.658 0.738 0.398 0.848 0.436 0.208 0.247 0.613 0.179 0.958
0.241 0.863 0.649 0.879 0.893 0.820 0.215 0.464 0.397 0.811 0.142 0.908 0.570 0.757 0.245 0.162 0.673 0.260 0.809 0.515 0.998 1.000 0.493 0.243 0.456 0.609 0.925 0.222 0.965 0.253 0.389 0.060 0.813 0.455 0.334 0.800 0.238 0.868 0.233 0.404 0.576 0.563 0.405 0.516 0.470 0.304 0.248 0.430 0.883 0.725 0.382 0.597 0.596 0.319 0.274 0.503 0.844 0.466 0.631 0.248 0.156 0.706 0.320 0.574 0.485 0.945 0.449 0.184 0.707 0.434 0.695 0.543 0.250 0.412 0.601 0.989 0.999 0.467 0.541 0.166 0.299 0.577 0.107 0.024 0.571 0.534 0.244 0.021 0.215 0.621 0.843 0.544 0.255 0.710 0.993 0.410 0.554 0.211 0.082 0.893
0.269 0.939 0.691 0.330 0.255 0.176 0.732 0.982 0.517 0.642 0.073 0.854 0.222 0.389 0.048 0.883 0.563 0.006 0.766 0.028 0.437 0.493 1.000 0.410 0.274 0.729 0.510 0.871 0.333 0.438 0.634 0.404 0.852 0.289 0.626 0.899 0.402 0.476 0.660 0.415 0.913 0.759 0.756 0.952 0.361 0.160 0.103 0.146 0.362 0.173 0.912 0.822 0.306 0.367 0.543 0.890 0.700 0.574 0.007 0.546 0.269 0.373 0.205 0.236 0.622 0.002 0.979 0.190 0.986 0.720 0.416 0.081 0.367 0.899 0.394 0.798 0.219 0.819 0.472 0.347 0.206 0.396 0.075 0.950 0.170 0.346 0.068 0.760 0.795 0.080 0.832 0.865 0.146 0.738 0.864 0.820 0.585 0.251 0.254 0.398
0.361 0.528 0.278 0.749 0.124 0.898 0.564 0.058 0.598 0.455 0.392 0.412 0.225 0.615 0.299 0.370 0.305 0.725 0.166 0.661 0.787 0.243 0.410 1.000 0.378 0.467 0.659 0.058 0.132 0.085 0.749 0.634 0.727 0.794 0.365 0.167 0.864 0.493 0.654 0.264 0.011 0.829 0.948 0.516 0.478 0.517 0.427 0.469 0.056 0.311 0.352 0.599 0.632 0.063 0.794 0.238 0.830 0.460 0.316 0.578 0.695 0.245 0.099 0.680 0.447 0.177 0.895 0.546 0.518 0.009 0.653 0.900 0.858 0.697 0.704 0.509 0.413 0.844 0.328 0.209 0.587 0.402 0.881 0.973 0.024 0.594 0.064 0.217 0.170 0.884 0.891 0.923 0.426 0.794 0.189 0.418 0.101 0.595 0.968 0.731
0.275 0.921 0.319 0.506 0.305 0.299 0.440 0.933 0.467 0.058 0.504 0.080 0.792 0.639 0.815 0.239 0.926 0.568 0.968 0.383 0.734 0.456 0.274 0.378 1.000 0.915 0.121 0.067 0.347 0.468 0.265 0.645 0.187 0.543 0.335 0.667 0.007 0.166 0.817 0.141 0.582 0.019 0.600 0.960 0.963 0.674 0.395 0.564 0.955 0.479 0.413 0.466 0.393 0.475 0.709 0.998 0.097 0.575 0.543 0.951 0.469 0.950 0.681 0.148 0.032 0.605 0.905 0.784 0.965 0.392 0.440 0.911 0.223 0.565 0.723 0.842 0.303 0.974 0.723 0.504 0.417 0.836 0.630 0.196 0.147 0.174 0.076 0.525 0.552 0.381 0.960 0.472 0.789 0.757 0.239 0.893 0.845 0.362 0.898 0.218
0.219 0.510 0.394 0.433 0.256 0.864 0.705 0.528 0.149 0.760 0.959 0.204 0.787 0.261 0.843 0.856 0.283 0.272 0.582 0.096 0.685 0.609 0.729 0.467 0.915 1.000 0.318 0.441 0.394 0.632 0.820 0.502 0.205 0.259 0.622 0.257 0.617 0.335 0.804 0.125 0.936 0.391 0.954 0.322 0.880 0.549 0.265 0.200 0.288 0.246 0.402 0.910 0.188 0.361 0.617 0.441 0.850 0.135 0.887 0.749 0.151 0.805 0.804 0.021 0.140 0.049 0.104 0.095 0.444 0.903 0.861 0.303 0.470 0.222 0.331 0.589 0.905 0.708 0.967 0.667 0.057 0.614 0.019 0.731 0.167 0.598 0.968 0.407 0.529 0.118 0.367 0.748 0.010 0.082 0.171 0.655 0.254 0.757 0.620 0.156
0.084 0.601 0.716 0.443 0.223 0.809 0.711 0.590 0.511 0.416 0.300 0.549 0.265 0.235 0.676 0.837 0.435 0.113 0.174 0.335 0.607 0.925 0.510 0.659 0.121 0.318 1.000 0.876 0.159 0.466 0.020 0.040 0.464 0.467 0.510 0.172 0.429 0.775 0.537 0.324 0.391 0.075 0.718 0.899 0.868 0.890 0.152 0.256 0.878 0.166 0.443 0.156 0.076 0.338 0.903 0.135 0.760 0.946 0.613 0.871 0.838 0.004 0.251 0.590 0.426 0.730 0.998 0.983 0.106 0.438 0.670 0.912 0.561 0.449 0.919 0.913 0.328 0.781 0.052 0.334 0.331 0.312 0.624 0.728 0.123 0.716 0.002 0.897 0.595 0.637 0.019 0.636 0.537 0.512 0.105 0.836 0.880 0.032 0.044 0.469
0.333 0.405 0.363 0.295 0.838 0.754 0.605 0.321 0.346 0.157 0.708 0.354 0.419 0.293 0.564 0.071 0.582 0.385 0.053 0.206 0.970 0.222 0.871 0.058 0.067 0.441 0.876 1.000 0.487 0.526 0.548 0.734 0.178 0.843 0.227 0.756 0.507 0.233 0.250 0.674 0.995 0.400 0.038 0.574 0.820 0.437 0.487 0.215 0.792 0.515 0.315 0.523 0.069 0.575 0.169 0.291 0.914 0.343 0.397 0.026 0.813 0.517 0.105 0.490 0.344 0.298 0.977 0.429 0.116 0.169 0.874 0.229 0.779 0.828 0.352 0.553 0.799 0.899 0.794 0.154 0.504 0.167 0.214 0.619 0.843 0.319 0.740 0.478 0.554 0.572 0.590 0.274 0.624 0.086 0.020 0.029 0.551 0.926 0.163 0.659
0.718 0.459 0.682 0.983 0.152 0.328 0.270 0.135 0.477 0.017 0.147 0.835 0.501 0.461 0.541 0.375 0.040 0.815 0.147 0.606 0.446 0.965 0.333 0.132 0.347 0.394 0.159 0.487 1.000 0.320 0.914 0.078 0.049 0.796 0.671 0.895 0.505 0.240 0.716 0.588 0.130 0.873 0.669 0.873 0.269 0.711 0.532 0.341 0.903 0.834 0.070 0.386 0.136 0.315 0.668 0.089 0.560 0.857 0.888 0.571 0.639 0.987 0.584 0.745 0.803 0.389 0.410 0.931 0.190 0.544 0.184 0.733 0.753 0.373 0.156 0.132 0.577 0.725 0.322 0.558 0.112 0.519 0.271 0.421 0.380 0.612 0.351 0.550 0.293 0.044 0.557 0.366 0.500 0.348 0.524 0.113 0.697 0.999 0.786 0.622
0.912 0.946 0.960 0.993 0.416 0.393 0.440 0.881 0.637 0.483 0.862 0.722 0.218 0.952 0.390 0.614 0.564 0.779 0.366 0.153 0.452 0.253 0.438 0.085 0.468 0.632 0.466 0.526 0.320 1.000 0.222 0.214 0.187 0.628 0.738 0.786 0.682 0.534 0.648 0.025 0.969 0.119 0.156 0.041 0.513 0.774 0.540 0.533 0.492 0.441 0.548 0.064 0.502 0.909 0.424 0.773 0.677 0.300 0.456 0.202 0.084 0.263 0.867 0.607 0.006 0.765 0.913 0.427 0.217 0.424 0.560 0.878 0.240 0.584 0.089 0.535 0.798 0.210 0.847 0.158 0.701 0.701 0.825 0.677 0.451 0.865 0.401 0.543 0.989 0.618 0.970 0.325 0.672 0.759 0.554 0.523 0.960 0.684 0.550 0.419
0.725 0.487 0.365 0.388 0.670 0.588 0.069 0.909 0.194 0.392 0.385 0.324 0.480 0.185 0.053 0.064 0.010 0.988 0.520 0.415 0.399 0.389 0.634 0.749 0.265 0.820 0.020 0.548 0.914 0.222 1.000 0.681 0.706 0.762 0.181 0.401 0.504 0.275 0.496 0.190 0.621 0.900 0.240 0.073 0.647 0.660 0.250 0.136 0.820 0.558 0.222 0.840 0.470 0.188 0.422 0.727 0.600 0.928 0.640 0.149 0.135 0.553 0.543 0.298 0.083 0.394 0.596 0.340 0.181 0.260 0.218 0.833 0.543 0.822 0.759 0.839 0.630 0.888 0.333 0.343 0.445 0.436 0.840 0.823 0.970 0.434 0.841 0.808 0.563 0.912 0.596 0.315 0.927 0.443 0.566 0.552 0.451 0.084 0.584 0.630
0.063 0.383 0.491 0.592 0.840 0.833 0.027 0.213 0.153 0.572 0.600 0.134 0.558 0.892 0.376 0.290 0.043 0.326 0.538 0.668 0.523 0.060 0.404 0.634 0.645 0.502 0.040 0.734 0.078 0.214 0.681 1.000 0.783 0.336 0.978 0.307 0.203 0.636 0.672 0.133 0.412 0.003 0.064 0.208 0.087 0.032 0.918 0.706 0.782 0.198 0.521 0.293 0.040 0.848 0.912 0.659 0.454 0.475 0.336 0.547 0.239 0.285 0.456 0.493 0.302 0.658 0.055 0.305 0.099 0.797 0.052 0.375 0.196 0.154 0.681 0.270 0.154 0.591 0.073 0.082 0.830 0.229 0.370 0.552 0.124 0.190 0.359 0.372 0.737 0.978 0.247 0.357 0.208 0.636 0.420 0.963 0.170 0.166 0.642 0.341
0.800 0.990 0.663 0.687 0.155 0.153 0.201 0.268 0.988 0.096 0.102 0.681 0.164 0.129 0.024 0.269 0.840 0.169 0.973 0.332 0.534 0.813 0.852 0.727 0.187 0.205 0.464 0.178 0.049 0.187 0.706 0.783 1.000 0.221 0.495 0.397 0.547 0.766 0.735 0.775 0.650 0.136 0.290 0.164 0.522 0.104 0.345 0.704 0.826 0.283 0.446 0.292 0.600 0.306 0.573 0.170 0.228 0.063 0.688 0.461 0.312 0.150 0.114 0.099 0.881 0.353 0.489 0.761 0.474 0.507 0.942 0.546 0.919 0.233 0.060 0.961 0.283 0.986 0.143 0.872 0.968 0.495 0.532 0.228 0.233 0.315 0.208 0.950 0.299 0.338 0.011 0.568 0.258 0.918 0.309 0.784 0.730 0.554 0.819 0.693
0.728 0.316 0.661 0.017 0.519 0.971 0.686 0.217 0.684 0.958 0.687 0.620 0.895 0.108 0.764 0.185 0.688 0.725 0.238 0.780 0.857 0.455 0.289 0.794 0.543 0.259 0.467 0.843 0.796 0.628 0.762 0.336 0.221 1.000 0.592 0.930 0.137 0.466 0.418 0.938 0.713 0.747 0.298 0.995 0.432 0.097 0.753 0.875 0.471 0.678 0.681 0.948 0.617 0.809 0.853 0.576 0.418 0.496 0.995 0.822 0.465 0.419 0.489 0.335 0.041 0.172 0.105 0.582 0.670 0.168 0.692 0.253 0.126 0.807 0.014 0.473 0.939 0.610 0.374 0.818 0.857 0.929 0.309 0.323 0.070 0.082 0.137 0.898 0.260 0.801 0.306 0.407 0.914 0.987 0.488 0.990 0.736 0.895 0.607 0.405
0.995 0.164 0.184 0.181 0.890 0.621 0.004 0.824 0.181 0.015 0.714 0.713 0.343 0.904 0.506 0.778 0.614 0.554 0.406 0.545 0.762 0.334 0.626 0.365 0.335 0.622 0.510 0.227 0.671 0.738 0.181 0.978 0.495 0.592 1.000 0.629 0.790 0.097 0.380 0.494 0.176 0.372 0.134 0.696 0.592 0.934 0.630 0.599 0.396 0.690 0.629 0.210 0.624 0.294 0.012 0.425 0.518 0.524 0.774 0.710 0.210 0.575 0.124 0.653 0.512 0.055 0.872 0.253 0.628 0.338 0.930 0.664 0.990 0.056 0.658 0.126 0.233 0.158 0.385 0.606 0.484 0.058 0.340 0.462 0.717 0.178 0.029 0.938 0.002 0.907 0.381 0.055 0.011 0.219 0.954 0.893 0.635 0.064 0.755 0.831
0.748 0.215 0.290 0.363 0.261 0.708 0.602 0.796 0.026 0.097 0.382 0.647 0.847 0.975 0.623 0.655 0.675 0.042 0.622 0.098 0.663 0.800 0.899 0.167 0.667 0.257 0.172 0.756 0.895 0.786 0.401 0.307 0.397 0.930 0.629 1.000 0.378 0.883 0.289 0.380 0.280 0.383 0.467 0.186 0.366 0.756 0.579 0.876 0.796 0.360 0.059 0.195 0.653 0.351 0.485 0.953 0.417 0.016 0.496 0.909 0.202 0.940 0.303 0.770 0.016 0.979 0.618 0.579 0.517 0.585 0.716 0.310 0.607 0.306 0.991 0.548 0.297 0.732 0.720 0.628 0.159 0.386 0.763 0.778 0.630 0.095 0.626 0.354 0.654 0.401 0.859 0.437 0.693 0.565 0.942 0.116 0.884 0.687 0.652 0.624
0.521 0.092 0.988 0.732 0.312 0.271 0.668 0.010 0.794 0.199 0.890 0.343 0.970 0.046 0.240 0.053 0.344 0.610 0.760 0.562 0.548 0.238 0.402 0.864 0.007 0.617 0.429 0.507 0.505 0.682 0.504 0.203 0.547 0.137 0.790 0.378 1.000 0.911 0.459 0.221 0.179 0.698 0.470 0.160 0.912 0.871 0.950 0.111 0.357 0.091 0.656 0.242 0.408 0.373 0.084 0.429 0.680 0.404 0.346 0.965 0.206 0.626 0.587 0.931 0.672 0.406 0.801 0.731 0.621 0.527 0.784 0.954 0.299 0.463 0.396 0.213 0.411 0.420 0.026 0.670 0.685 0.794 0.454 0.470 0.921 0.327 0.132 0.494 0.661 0.006 0.259 0.045 0.807 0.376 0.460 0.863 0.231 0.015 0.533 0.796
0.662 0.861 0.167 0.337 0.953 0.295 0.924 0.745 0.371 0.912 0.380 0.401 0.739 0.230 0.989 0.792 0.150 0.036 0.819 0.675 0.692 0.868 0.476 0.493 0.166 0.335 0.775 0.233 0.240 0.534 0.275 0.636 0.766 0.466 0.097 0.883 0.911 1.000 0.980 0.621 0.767 0.906 0.548 0.843 0.495 0.283 0.548 0.921 0.765 0.901 0.432 0.045 0.955 0.844 0.369 0.949 0.813 0.948 0.608 0.708 0.557 0.729 0.171 0.974 0.289 0.485 0.813 0.057 0.188 0.350 0.139 0.509 0.486 0.368 0.222 0.160 0.159 0.021 0.709 0.294 0.491 0.255 0.824 0.067 0.671 0.914 0.031 0.846 0.759 0.326 0.239 0.079 0.557 0.414 0.321 0.655 0.643 0.696 0.281 0.828
0.887 0.280 0.634 0.433 0.880 0.267 0.862 0.879 0.982 0.470 0.004 0.710 0.430 0.737 0.380 0.268 0.745 0.162 0.254 0.964 0.060 0.233 0.660 0.654 0.817 0.804 0.537 0.250 0.716 0.648 0.496 0.672 0.735 0.418 0.380 0.289 0.459 0.980 1.000 0.890 0.881 0.427 0.338 0.149 0.841 0.782 0.082 0.518 0.533 0.365 0.311 0.278 0.677 0.310 0.379 0.640 0.261 0.876 0.548 0.569 0.718 0.435 0.498 0.035 0.223 0.339 0.272 0.136 0.547 0.253 0.367 0.985 0.035 0.332 0.176 0.386 0.130 0.606 0.249 0.356 0.775 0.321 0.639 0.663 0.968 0.096 0.593 0.173 0.890 0.103 0.675 0.331 0.461 0.446 0.523 0.045 0.187 0.873 0.825 0.976
0.012 0.686 0.646 0.963 0.814 0.948 0.224 0.677 0.177 0.032 0.415 0.826 0.757 0.735 0.804 0.021 0.727 0.226 0.778 0.864 0.737 0.404 0.415 0.264 0.141 0.125 0.324 0.674 0.588 0.025 0.190 0.133 0.775 0.938 0.494 0.380 0.221 0.621 0.890 1.000 0.817 0.079 0.118 0.744 0.313 0.134 0.134 0.606 0.611 0.058 0.293 0.346 0.910 0.114 0.260 0.251 0.540 0.818 0.945 0.452 0.105 0.366 0.676 0.841 0.957 0.568 0.585 0.882 0.961 0.795 0.427 0.762 0.701 0.241 0.678 0.792 0.800 0.943 0.276 0.906 0.075 0.521 0.749 0.756 0.078 0.260 0.100 0.694 0.780 0.538 0.607 0.252 0.338 0.817 0.358 0.165 0.153 0.440 0.361 0.749
0.260 0.594 0.043 0.844 0.645 0.805 0.523 0.112 0.631 0.627 0.816 0.220 0.968 0.413 0.360 0.210 0.505 0.141 0.895 0.591 0.317 0.576 0.913 0.011 0.582 0.936 0.391 0.995 0.130 0.969 0.621 0.412 0.650 0.713 0.176 0.280 0.179 0.767 0.881 0.817 1.000 0.851 0.324 0.093 0.521 0.488 0.751 0.634 0.999 0.587 0.884 0.708 0.500 0.781 0.465 0.166 0.074 0.363 0.299 0.332 0.804 0.276 0.623 0.594 0.512 0.842 0.229 0.144 0.249 0.014 0.808 0.899 0.545 0.640 0.573 0.526 0.407 0.617 0.927 0.245 0.487 0.808 0.866 0.328 0.963 0.010 0.133 0.103 0.978 0.809 0.377 0.290 0.164 0.530 0.327 0.646 0.742 0.118 0.126 0.963
0.970 0.763 0.142 0.658 0.025 0.695 0.786 0.210 0.512 0.003 0.693 0.696 0.031 0.782 0.193 0.183 0.409 0.664 0.753 0.860 0.212 0.563 0.759 0.829 0.019 0.391 0.075 0.400 0.873 0.119 0.900 0.003 0.136 0.747 0.372 0.383 0.698 0.906 0.427 0.079 0.851 1.000 0.179 0.281 0.639 0.609 0.360 0.569 0.777 0.398 0.506 0.432 0.965 0.216 0.224 0.218 0.890 0.391 0.931 0.425 0.602 0.964 0.670 0.121 0.596 0.316 0.584 0.735 0.392 0.819 0.872 0.193 0.283 0.677 0.523 0.080 0.235 0.746 0.666 0.384 0.812 0.010 0.500 0.402 0.236 0.704 0.960 0.247 0.636 0.495 0.545 0.083 0.949 0.790 0.477 0.276 0.702 0.013 0.745 0.481
0.995 0.159 0.914 0.345 0.148 0.853 0.275 0.805 0.816 0.739 0.396 0.918 0.517 0.072 0.123 0.255 0.916 0.602 0.276 0.935 0.239 0.405 0.756 0.948 0.600 0.954 0.718 0.038 0.669 0.156 0.240 0.064 0.290 0.298 0.134 0.467 0.470 0.548 0.338 0.118 0.324 0.179 1.000 0.481 0.746 0.903 0.866 0.834 0.581 0.230 0.099 0.888 0.847 0.399 0.045 0.700 0.172 0.788 0.985 0.406 0.242 0.059 0.198 0.801 0.575 0.190 0.359 0.374 0.094 0.327 0.461 0.364 0.890 0.579 0.937 0.333 0.242 0.615 0.145 0.841 0.194 0.720 0.998 0.086 0.970 0.785 0.706 0.809 0.403 0.430 0.090 0.470 0.372 0.901 0.648 0.722 0.781 0.899 0.021 0.771
0.394 0.120 0.592 0.229 0.277 0.434 0.068 0.187 0.471 0.624 0.275 0.455 0.037 0.686 0.075 0.639 0.628 0.739 0.986 0.967 0.580 0.516 0.952 0.516 0.960 0.322 0.899 0.574 0.873 0.041 0.073 0.208 0.164 0.995 0.696 0.186 0.160 0.843 0.149 0.744 0.093 0.281 0.481 1.000 0.961 0.867 0.054 0.516 0.646 0.739 0.251 0.541 0.724 0.398 0.941 0.572 0.411 0.939 0.828 0.380 0.290 0.203 0.282 0.878 0.867 0.819 0.336 0.882 0.134 0.448 0.994 0.659 0.644 0.484 0.517 0.458 0.048 0.401 0.857 0.288 0.067 0.287 0.210 0.731 0.822 0.717 0.201 0.643 0.768 0.027 0.192 0.295 0.283 0.808 0.423 0.518 0.326 0.337 0.754 0.179
0.147 0.342 0.007 0.746 0.528 0.939 0.455 0.988 0.624 0.519 0.384 0.008 0.629 0.016 0.211 0.280 0.600 0.982 0.062 0.990 0.575 0.470 0.361 0.478 0.963 0.880 0.868 0.820 0.269 0.513 0.647 0.087 0.522 0.432 0.592 0.366 0.912 0.495 0.841 0.313 0.521 0.639 0.746 0.961 1.000 0.348 0.395 0.372 0.304 0.663 0.743 0.161 0.404 0.704 0.095 0.435 0.801 0.887 0.724 0.058 0.700 0.828 0.750 0.328 0.646 0.698 0.172 0.927 0.547 0.237 0.187 0.033 0.222 0.859 0.317 0.191 0.475 0.461 0.480 0.024 0.698 0.140 0.850 0.822 0.164 0.682 0.762 0.355 0.419 0.588 0.097 0.316 0.947 0.357 0.123 0.028 0.385 0.717 0.148 0.894
0.286 0.208 0.035 0.898 0.625 0.979 0.679 0.487 0.311 0.042 0.056 0.625 0.204 0.304 0.547 0.593 0.744 0.181 0.855 0.346 0.848 0.304 0.160 0.517 0.674 0.549 0.890 0.437 0.711 0.774 0.660 0.032 0.104 0.097 0.934 0.756 0.871 0.283 0.782 0.134 0.488 0.609 0.903 0.867 0.348 1.000 0.422 0.149 0.707 0.068 0.744 0.561 0.532 0.326 0.407 0.436 0.196 0.707 0.279 0.074 0.208 0.707 0.179 0.395 0.817 0.489 0.932 0.710 0.527 0.005 0.678 0.864 0.347 0.853 0.416 0.007 0.710 0.955 0.137 0.279 0.678 0.800 0.013 0.122 0.666 0.655 0.090 0.726 0.122 0.111 0.482 0.415 0.997 0.761 0.941 0.862 0.437 0.405 0.619 0.909
0.695 0.165 0.186 0.429 0.809 0.122 0.149 0.930 0.913 0.811 0.428 0.207 0.772 0.781 0.017 0.352 0.650 0.511 0.788 0.573 0.017 0.248 0.103 0.427 0.395 0.265 0.152 0.487 0.532 0.540 0.250 0.918 0.345 0.753 0.630 0.579 0.950 0.548 0.082 0.134 0.751 0.360 0.866 0.054 0.395 0.422 1.000 0.103 0.137 0.057 0.358 0.821 0.701 0.157 0.560 0.577 0.125 0.168 0.650 0.575 0.457 0.558 0.885 0.184 0.614 0.559 0.560 0.181 0.407 0.510 0.721 0.519 0.187 0.005 0.991 0.937 0.443 0.623 0.771 0.679 0.578 0.184 0.957 0.347 0.563 0.951 0.928 0.109 0.429 0.854 0.020 0.432 0.358 0.873 0.334 0.007 0.021 0.100 0.141 0.627
0.967 0.065 0.564 0.624 0.571 0.276 0.564 0.663 0.557 0.337 0.386 0.069 0.667 0.456 0.504 0.406 0.940 0.173 0.667 0.606 0.898 0.430 0.146 0.469 0.564 0.200 0.256 0.215 0.341 0.533 0.136 0.706 0.704 0.875 0.599 0.876 0.111 0.921 0.518 0.606 0.634 0.569 0.834 0.516 0.372 0.149 0.103 1.000 0.552 0.560 0.555 0.998 0.885 0.895 0.449 0.485 0.730 0.136 0.104 0.982 0.999 0.110 0.455 0.745 0.450 0.690 0.116 0.045 0.372 0.742 0.979 0.334 0.195 0.440 0.513 0.685 0.548 0.388 0.587 0.777 0.721 0.412 0.712 0.175 0.039 0.451 0.448 0.060 0.639 0.336 0.496 0.309 0.528 0.668 0.251 0.052 0.697 0.013 0.481 0.628
0.060 0.666 0.403 0.289 0.619 0.395 0.534 0.741 0.706 0.237 0.192 0.152 0.914 0.979 0.761 0.589 0.932 0.469 0.314 0.544 0.904 0.883 0.362 0.056 0.955 0.288 0.878 0.792 0.903 0.492 0.820 0.782 0.826 0.471 0.396 0.796 0.357 0.765 0.533 0.611 0.999 0.777 0.581 0.646 0.304 0.707 0.137 0.552 1.000 0.130 0.716 0.095 0.635 0.831 0.459 0.113 0.564 0.647 0.882 0.448 0.359 0.264 0.335 0.703 0.226 0.996 0.691 0.448 0.505 0.587 0.678 0.621 0.317 0.216 0.587 0.491 0.649 0.121 0.509 0.347 0.542 0.497 0.640 0.526 0.109 0.330 0.066 0.370 0.589 0.839 0.267 0.640 0.504 0.886 0.084 0.617 0.765 0.541 0.583 0.857
0.340 0.179 0.426 0.897 0.214 0.052 0.480 0.679 0.606 0.729 0.335 0.846 0.825 0.582 0.996 0.505 0.653 0.921 0.693 0.815 0.515 0.725 0.173 0.311 0.479 0.246 0.166 0.515 0.834 0.441 0.558 0.198 0.283 0.678 0.690 0.360 0.091 0.901 0.365 0.058 0.587 0.398 0.230 0.739 0.663 0.068 0.057 0.560 0.130 1.000 0.126 0.369 0.769 0.595 0.660 0.834 0.973 0.482 0.487 0.775 0.741 0.224 0.038 0.141 0.487 0.871 0.065 0.045 0.886 0.741 0.253 0.169 0.167 0.226 0.253 0.175 0.156 0.329 0.807 0.954 0.763 0.878 0.798 0.619 0.874 0.802 0.765 0.656 0.122 0.842 0.120 0.500 0.661 0.860 0.092 0.534 0.365 0.429 0.653 0.906
0.633 0.787 0.875 0.995 0.445 0.175 0.747 0.839 0.338 0.267 0.139 0.603 0.902 0.699 0.244 0.608 0.561 0.362 0.202 0.887 0.932 0.382 0.912 0.352 0.413 0.402 0.443 0.315 0.070 0.548 0.222 0.521 0.446 0.681 0.629 0.059 0.656 0.432 0.311 0.293 0.884 0.506 0.099 0.251 0.743 0.744 0.358 0.555 0.716 0.126 1.000 0.583 0.778 0.344 0.814 0.212 0.895 0.792 0.175 0.381 0.811 0.546 0.170 0.034 0.177 0.052 0.608 0.909 0.608 0.631 0.129 0.217 0.106 0.816 0.833 0.205 0.014 0.938 0.844 0.651 0.905 0.888 0.540 0.380 0.821 0.118 0.730 0.066 0.872 0.957 0.706 0.292 0.119 0.741 0.712 0.445 0.757 0.581 0.278 0.077
0.380 0.879 0.007 0.187 0.863 0.203 0.761 0.944 0.290 0.016 0.131 0.359 0.166 0.625 0.832 0.125 0.456 0.208 0.613 0.401 0.475 0.597 0.822 0.599 0.466 0.910 0.156 0.523 0.386 0.064 0.840 0.293 0.292 0.948 0.210 0.195 0.242 0.045 0.278 0.346 0.708 0.432 0.888 0.541 0.161 0.561 0.821 0.998 0.095 0.369 0.583 1.000 0.568 0.562 0.662 0.867 0.700 0.340 0.359 0.846 0.169 0.633 0.279 0.826 0.971 0.716 0.703 0.003 0.174 0.643 0.184 0.050 0.428 0.407 0.307 0.384 0.040 0.463 0.144 0.150 0.120 0.375 0.723 0.716 0.454 0.679 0.802 0.432 0.940 0.817 0.040 0.997 0.510 0.342 0.749 0.767 0.000 0.437 0.256 0.487
0.174 0.612 0.528 0.942 0.039 0.588 0.893 0.617 0.193 0.363 0.983 0.505 0.360 0.976 0.931 0.042 0.906 0.225 0.459 0.928 0.233 0.596 0.306 0.632 0.393 0.188 0.076 0.069 0.136 0.502 0.470 0.040 0.600 0.617 0.624 0.653 0.408 0.955 0.677 0.910 0.500 0.965 0.847 0.724 0.404 0.532 0.701 0.885 0.635 0.769 0.778 0.568 1.000 0.895 0.556 0.040 0.825 0.017 0.033 0.513 0.457 0.682 0.430 0.935 0.623 0.122 0.173 0.166 0.420 0.909 0.752 0.728 0.109 0.912 0.545 0.263 0.722 0.639 0.316 0.987 0.411 0.156 0.326 0.948 0.114 0.333 0.907 0.153 0.986 0.012 0.292 0.517 0.101 0.652 0.940 0.552 0.535 0.469 0.395 0.087
0.939 0.328 0.348 0.340 0.417 0.748 0.181 0.056 0.235 0.751 0.135 0.873 0.682 0.031 0.844 0.551 0.070 0.016 0.320 0.015 0.488 0.319 0.367 0.063 0.475 0.361 0.338 0.575 0.315 0.909 0.188 0.848 0.306 0.809 0.294 0.351 0.373 0.844 0.310 0.114 0.781 0.216 0.399 0.398 0.704 0.326 0.157 0.895 0.831 0.595 0.344 0.562 0.895 1.000 0.688 0.937 0.802 0.318 0.689 0.893 0.786 0.320 0.365 0.814 0.380 0.982 0.117 0.040 0.419 0.991 0.224 0.667 0.138 0.899 0.801 0.307 0.357 0.174 0.927 0.881 0.016 0.275 0.967 0.220 0.448 0.120 0.486 0.886 0.203 0.458 0.437 0.567 0.478 0.964 0.052 0.079 0.088 0.891 0.346 0.282
0.334 0.047 0.680 0.271 0.081 0.301 0.408 0.046 0.303 0.464 0.872 0.044 0.104 0.993 0.390 0.457 0.089 0.534 0.468 0.868 0.227 0.274 0.543 0.794 0.709 0.617 0.903 0.169 0.668 0.424 0.422 0.912 0.573 0.853 0.012 0.485 0.084 0.369 0.379 0.260 0.465 0.224 0.045 0.941 0.095 0.407 0.560 0.449 0.459 0.660 0.814 0.662 0.556 0.688 1.000 0.585 0.168 0.155 0.506 0.826 0.760 0.007 0.993 0.630 0.253 0.780 0.287 0.728 0.232 0.167 0.821 0.779 0.624 0.405 0.429 0.807 0.989 0.924 0.716 0.364 0.847 0.538 0.116 0.514 0.242 0.549 0.643 0.164 0.102 0.600 0.310 0.599 0.934 0.193 0.598 0.172 0.850 0.333 0.815 0.823
0.637 0.004 0.565 0.166 0.011 0.810 0.972 0.113 0.657 0.551 0.227 0.402 0.654 0.275 0.269 0.374 0.556 0.126 0.269 0.124 0.984 0.503 0.890 0.238 0.998 0.441 0.135 0.291 0.089 0.773 0.727 0.659 0.170 0.576 0.425 0.953 0.429 0.949 0.640 0.251 0.166 0.218 0.700 0.572 0.435 0.436 0.577 0.485 0.113 0.834 0.212 0.867 0.040 0.937 0.585 1.000 0.309 0.015 0.258 0.592 0.553 0.312 0.355 0.095 0.868 0.998 0.312 0.321 0.165 0.906 0.752 0.210 0.289 0.241 0.983 0.507 0.819 0.494 0.575 0.145 0.511 0.325 0.117 0.802 0.376 0.804 0.778 0.917 0.572 0.376 0.062 0.979 0.929 0.819 0.627 0.016 0.668 0.106 0.860 0.718
0.326 0.550 0.786 0.560 0.843 0.225 0.744 0.520 0.797 0.811 0.589 0.694 0.028 0.979 0.344 0.581 0.107 0.191 0.390 0.979 0.753 0.844 0.700 0.830 0.097 0.850 0.760 0.914 0.560 0.677 0.600 0.454 0.228 0.418 0.518 0.417 0.680 0.813 0.261 0.540 0.074 0.890 0.172 0.411 0.801 0.196 0.125 0.730 0.564 0.973 0.895 0.700 0.825 0.802 0.168 0.309 1.000 0.384 0.669 0.976 0.070 0.347 0.444 0.565 0.051 0.942 0.745 0.561 0.478 0.998 0.642 0.389 0.457 0.788 0.922 0.779 0.706 0.204 0.896 0.268 0.207 0.421 0.137 0.744 0.123 0.119 0.964 0.943 0.291 0.401 0.326 0.767 0.909 0.442 0.588 0.200 0.496 0.368 0.671 0.509
0.170 0.728 0.698 0.462 0.778 0.218 0.347 0.786 0.334 0.685 0.881 0.217 0.590 0.637 0.567 0.908 0.161 0.700 0.735 0.688 0.120 0.466 0.574 0.460 0.575 0.135 0.946 0.343 0.857 0.300 0.928 0.475 0.063 0.496 0.524 0.016 0.404 0.948 0.876 0.818 0.363 0.391 0.788 0.939 0.887 0.707 0.168 0.136 0.647 0.482 0.792 0.340 0.017 0.318 0.155 0.015 0.384 1.000 0.085 0.439 0.999 0.555 0.774 0.758 0.382 0.452 0.276 0.570 0.237 0.775 0.696 0.028 0.454 0.778 0.542 0.315 0.237 0.085 0.085 0.319 0.803 0.850 0.512 0.937 0.760 0.913 0.453 0.535 0.419 0.985 0.584 0.491 0.692 0.936 0.297 0.311 0.888 0.911 0.136 0.897
0.619 0.815 0.797 0.935 0.957 0.799 0.023 0.926 0.306 0.227 0.702 0.065 0.211 0.462 0.762 0.503 0.063 0.178 0.214 0.098 0.169 0.631 0.007 0.316 0.543 0.887 0.613 0.397 0.888 0.456 0.640 0.336 0.688 0.995 0.774 0.496 0.346 0.608 0.548 0.945 0.299 0.931 0.985 0.828 0.724 0.279 0.650 0.104 0.882 0.487 0.175 0.359 0.033 0.689 0.506 0.258 0.669 0.085 1.000 0.038 0.803 0.076 0.510 0.987 0.158 0.606 0.387 0.880 0.803 0.282 0.094 0.194 0.138 0.728 0.800 0.305 0.859 0.651 0.249 0.541 0.324 0.707 0.873 0.248 0.443 0.337 0.245 0.959 0.302 0.167 0.247 0.746 0.798 0.835 0.836 0.262 0.254 0.701 0.083 0.429
0.883 0.391 0.452 0.744 0.710 0.972 0.640 0.203 0.022 0.358 0.237 0.900 0.644 0.844 0.097 0.244 0.573 0.903 0.431 0.917 0.963 0.248 0.546 0.578 0.951 0.749 0.871 0.026 0.571 0.202 0.149 0.547 0.461 0.822 0.710 0.909 0.965 0.708 0.569 0.452 0.332 0.425 0.406 0.380 0.058 0.074 0.575 0.982 0.448 0.775 0.381 0.846 0.513 0.893 0.826 0.592 0.976 0.439 0.038 1.000 0.223 0.310 0.356 0.175 0.506 0.889 0.933 0.617 0.201 0.440 0.689 0.757 0.232 0.948 0.995 0.390 0.289 0.392 0.116 0.149 0.962 0.805 0.358 0.527 0.318 0.568 0.925 0.633 0.321 0.656 0.193 0.602 0.280 0.613 0.738 0.652 0.427 0.991 0.872 0.043
0.988 0.706 0.341 0.928 0.304 0.058 0.073 0.444 0.709 0.029 0.685 0.584 0.521 0.625 0.832 0.774 0.511 0.586 0.599 0.464 0.802 0.156 0.269 0.695 0.469 0.151 0.838 0.813 0.639 0.084 0.135 0.239 0.312 0.465 0.210 0.202 0.206 0.557 0.718 0.105 0.804 0.602 0.242 0.290 0.700 0.208 0.457 0.999 0.359 0.741 0.811 0.169 0.457 0.786 0.760 0.553 0.070 0.999 0.803 0.223 1.000 0.691 0.284 0.077 0.529 0.405 0.675 0.818 0.598 0.623 0.239 0.934 0.916 0.468 0.851 0.854 0.251 0.233 0.677 0.361 0.273 0.628 0.205 0.564 0.781 0.387 0.304 0.013 0.669 0.765 0.504 0.478 0.150 0.656 0.233 0.733 0.320 0.566 0.234 0.177
0.707 0.202 0.409 0.623 0.532 0.430 0.502 0.197 0.321 0.218 0.488 0.692 0.585 0.510 0.155 0.147 0.049 0.573 0.800 0.223 0.616 0.706 0.373 0.245 0.950 0.805 0.004 0.517 0.987 0.263 0.553 0.285 0.150 0.419 0.575 0.940 0.626 0.729 0.435 0.366 0.276 0.964 0.059 0.203 0.828 0.707 0.558 0.110 0.264 0.224 0.546 0.633 0.682 0.320 0.007 0.312 0.347 0.555 0.076 0.310 0.691 1.000 0.670 0.908 0.134 0.538 0.784 0.575 0.541 0.670 0.051 0.261 0.407 0.309 0.633 0.014 0.711 0.868 0.166 0.394 0.885 0.803 0.309 0.004 0.985 0.050 0.015 0.444 0.189 0.676 0.888 0.768 0.341 0.009 0.053 0.715 0.889 0.612 0.752 0.078
0.531 0.621 0.176 0.136 0.702 0.666 0.664 0.646 0.593 0.800 0.549 0.870 0.937 0.384 0.256 0.013 0.137 0.694 0.286 0.124 0.473 0.320 0.205 0.099 0.681 0.804 0.251 0.105 0.584 0.867 0.543 0.456 0.114 0.489 0.124 0.303 0.587 0.171 0.498 0.676 0.623 0.670 0.198 0.282 0.750 0.179 0.885 0.455 0.335 0.038 0.170 0.279 0.430 0.365 0.993 0.355 0.444 0.774 0.510 0.356 0.284 0.670 1.000 0.454 0.353 0.712 0.012 0.475 0.821 0.528 0.418 0.073 0.584 0.291 0.657 0.130 0.777 0.409 0.956 0.447 0.298 0.892 0.068 0.520 0.059 0.668 0.165 0.945 0.195 0.656 0.836 0.222 0.597 0.363 0.172 0.344 0.894 0.909 0.237 0.768
0.724 0.519 0.617 0.679 0.420 0.252 0.498 0.078 0.216 0.307 0.633 0.564 0.457 0.944 0.122 0.458 0.125 0.987 0.465 0.215 0.037 0.574 0.236 0.680 0.148 0.021 0.590 0.490 0.745 0.607 0.298 0.493 0.099 0.335 0.653 0.770 0.931 0.974 0.035 0.841 0.594 0.121 0.801 0.878 0.328 0.395 0.184 0.745 0.703 0.141 0.034 0.826 0.935 0.814 0.630 0.095 0.565 0.758 0.987 0.175 0.077 0.908 0.454 1.000 0.163 0.438 0.938 0.258 0.227 0.904 0.392 0.707 0.344 0.492 0.830 0.774 0.783 0.010 0.865 0.706 0.394 0.033 0.836 0.166 0.176 0.042 0.499 0.722 0.795 0.571 0.577 0.753 0.583 0.786 0.526 0.525 0.392 0.066 0.151 0.316
0.907 0.294 0.962 0.315 0.699 0.864 0.944 0.248 0.977 0.922 0.025 0.491 0.981 0.699 0.698 0.038 0.812 0.034 0.437 0.602 0.232 0.485 0.622 0.447 0.032 0.140 0.426 0.344 0.803 0.006 0.083 0.302 0.881 0.041 0.512 0.016 0.672 0.289 0.223 0.957 0.512 0.596 0.575 0.867 0.646 0.817 0.614 0.450 0.226 0.487 0.177 0.971 0.623 0.380 0.253 0.868 0.051 0.382 0.158 0.506 0.529 0.134 0.353 0.163 1.000 0.842 0.070 0.861 0.727 0.465 0.855 0.902 0.483 0.954 0.189 0.863 0.676 0.992 0.872 0.979 0.248 0.892 0.395 0.789 0.686 0.427 0.153 0.518 0.673 0.169 0.118 0.617 0.196 0.848 0.736 0.287 0.353 0.801 0.063 0.337
0.034 0.799 0.040 0.394 0.888 0.435 0.809 0.109 0.311 0.254 0.068 0.478 0.829 0.459 0.586 0.297 0.224 0.015 0.715 0.754 0.582 0.945 0.002 0.177 0.605 0.049 0.730 0.298 0.389 0.765 0.394 0.658 0.353 0.172 0.055 0.979 0.406 0.485 0.339 0.568 0.842 0.316 0.190 0.819 0.698 0.489 0.559 0.690 0.996 0.871 0.052 0.716 0.122 0.982 0.780 0.998 0.942 0.452 0.606 0.889 0.405 0.538 0.712 0.438 0.842 1.000 0.049 0.293 0.633 0.930 0.893 0.086 0.252 0.321 0.193 0.577 0.969 0.892 0.512 0.640 0.452 0.166 0.534 0.625 0.215 0.998 0.518 0.663 0.896 0.163 0.071 0.545 0.160 0.378 0.299 0.627 0.827 0.355 0.573 0.719
0.417 0.497 0.935 0.279 0.750 0.175 0.504 0.848 0.545 0.730 0.879 0.229 0.114 0.876 0.838 0.571 0.821 0.426 0.146 0.370 0.431 0.449 0.979 0.895 0.905 0.104 0.998 0.977 0.410 0.913 0.596 0.055 0.489 0.105 0.872 0.618 0.801 0.813 0.272 0.585 0.229 0.584 0.359 0.336 0.172 0.932 0.560 0.116 0.691 0.065 0.608 0.703 0.173 0.117 0.287 0.312 0.745 0.276 0.387 0.933 0.675 0.784 0.012 0.938 0.070 0.049 1.000 0.178 0.660 0.589 0.472 0.318 0.783 0.446 0.281 0.696 0.881 0.989 0.607 0.212 0.196 0.495 0.720 0.445 0.995 0.239 0.649 0.757 0.877 0.578 0.055 0.622 0.445 0.591 0.362 0.625 0.989 0.080 0.609 0.773
0.858 0.873 0.643 0.444 0.200 0.455 0.119 0.569 0.984 0.888 0.215 0.502 0.998 0.991 0.361 0.077 0.748 0.123 0.462 0.418 0.332 0.184 0.190 0.546 0.784 0.095 0.983 0.429 0.931 0.427 0.340 0.305 0.761 0.582 0.253 0.579 0.731 0.057 0.136 0.882 0.144 0.735 0.374 0.882 0.927 0.710 0.181 0.045 0.448 0.045 0.909 0.003 0.166 0.040 0.728 0.321 0.561 0.570 0.880 0.617 0.818 0.575 0.475 0.258 0.861 0.293 0.178 1.000 0.584 0.364 0.087 0.071 0.728 0.263 0.843 0.009 0.137 0.802 0.285 0.358 0.926 0.005 0.681 0.356 0.983 0.018 0.117 0.242 0.802 0.177 0.009 0.820 0.695 0.601 0.585 0.892 0.028 0.137 0.931 0.908
0.867 0.216 0.153 0.847 0.529 0.862 0.369 0.118 0.160 0.220 0.258 0.283 0.489 0.134 0.172 0.764 0.964 0.568 0.477 0.148 0.100 0.707 0.986 0.518 0.965 0.444 0.106 0.116 0.190 0.217 0.181 0.099 0.474 0.670 0.628 0.517 0.621 0.188 0.547 0.961 0.249 0.392 0.094 0.134 0.547 0.527 0.407 0.372 0.505 0.886 0.608 0.174 0.420 0.419 0.232 0.165 0.478 0.237 0.803 0.201 0.598 0.541 0.821 0.227 0.727 0.633 0.660 0.584 1.000 0.023 0.780 0.290 0.922 0.779 0.568 0.988 0.125 0.643 0.040 0.546 0.341 0.883 0.426 0.133 0.339 0.566 0.673 0.386 0.639 0.728 0.434 0.392 0.038 0.696 0.115 0.233 0.143 0.852 0.056 0.164
0.156 0.361 0.884 0.927 0.407 0.268 0.197 0.481 0.486 0.832 0.725 0.688 0.785 0.638 0.956 0.254 0.311 0.844 0.769 0.691 0.144 0.434 0.720 0.009 0.392 0.903 0.438 0.169 0.544 0.424 0.260 0.797 0.507 0.168 0.338 0.585 0.527 0.350 0.253 0.795 0.014 0.819 0.327 0.448 0.237 0.005 0.510 0.742 0.587 0.741 0.631 0.643 0.909 0.991 0.167 0.906 0.998 0.775 0.282 0.440 0.623 0.670 0.528 0.904 0.465 0.930 0.589 0.364 0.023 1.000 0.590 0.645 0.488 0.013 0.727 0.105 0.811 0.917 0.695 0.661 0.143 0.852 0.310 0.221 0.844 0.125 0.344 0.745 0.805 0.555 0.631 0.532 0.185 0.484 0.681 0.064 0.336 0.115 0.123 0.192
0.386 0.729 0.628 0.263 0.218 0.365 0.293 0.024 0.825 0.293 0.949 0.132 0.779 0.656 0.676 0.745 0.909 0.489 0.647 0.872 0.522 0.695 0.416 0.653 0.440 0.861 0.670 0.874 0.184 0.560 0.218 0.052 0.942 0.692 0.930 0.716 0.784 0.139 0.367 0.427 0.808 0.872 0.461 0.994 0.187 0.678 0.721 0.979 0.678 0.253 0.129 0.184 0.752 0.224 0.821 0.752 0.642 0.696 0.094 0.689 0.239 0.051 0.418 0.392 0.855 0.893 0.472 0.087 0.780 0.590 1.000 0.230 0.643 0.803 0.085 0.038 0.672 0.317 0.372 0.908 0.268 0.759 0.105 0.053 0.689 0.806 0.228 0.610 0.350 0.692 0.527 0.683 0.921 0.486 0.074 0.274 0.945 0.214 0.399 0.978
0.958 0.035 0.789 0.113 0.524 0.034 0.380 0.546 0.694 0.585 0.909 0.616 0.760 0.431 0.113 0.242 0.586 0.187 0.600 0.712 0.119 0.543 0.081 0.900 0.911 0.303 0.912 0.229 0.733 0.878 0.833 0.375 0.546 0.253 0.664 0.310 0.954 0.509 0.985 0.762 0.899 0.193 0.364 0.659 0.033 0.864 0.519 0.334 0.621 0.169 0.217 0.050 0.728 0.667 0.779 0.210 0.389 0.028 0.194 0.757 0.934 0.261 0.073 0.707 0.902 0.086 0.318 0.071 0.290 0.645 0.230 1.000 0.687 0.888 0.491 0.946 0.367 0.989 0.752 0.275 0.465 0.926 0.429 0.462 0.156 0.759 0.397 0.333 0.935 0.794 0.014 0.843 0.021 0.888 0.324 0.247 0.128 0.270 0.915 0.025
0.852 0.404 0.643 0.798 0.109 0.790 0.815 0.245 0.144 0.256 0.300 0.447 0.103 0.517 0.092 0.972 0.268 0.317 0.725 0.341 0.553 0.250 0.367 0.858 0.223 0.470 0.561 0.779 0.753 0.240 0.543 0.196 0.919 0.126 0.990 0.607 0.299 0.486 0.035 0.701 0.545 0.283 0.890 0.644 0.222 0.347 0.187 0.195 0.317 0.167 0.106 0.428 0.109 0.138 0.624 0.289 0.457 0.454 0.138 0.232 0.916 0.407 0.584 0.344 0.483 0.252 0.783 0.728 0.922 0.488 0.643 0.687 1.000 0.926 0.572 0.303 0.922 0.313 0.971 0.403 0.736 0.197 0.389 0.180 0.573 0.986 0.286 0.076 0.503 0.186 0.786 0.773 0.492 0.014 0.791 0.798 0.580 0.407 0.507 0.173
0.335 0.958 0.196 0.411 0.769 0.327 0.134 0.394 0.171 0.518 0.147 0.674 0.158 0.942 0.856 0.370 0.652 0.325 0.977 0.488 0.971 0.412 0.899 0.697 0.565 0.222 0.449 0.828 0.373 0.584 0.822 0.154 0.233 0.807 0.056 0.306 0.463 0.368 0.332 0.241 0.640 0.677 0.579 0.484 0.859 0.853 0.005 0.440 0.216 0.226 0.816 0.407 0.912 0.899 0.405 0.241 0.788 0.778 0.728 0.948 0.468 0.309 0.291 0.492 0.954 0.321 0.446 0.263 0.779 0.013 0.803 0.888 0.926 1.000 0.118 0.497 0.042 0.756 0.875 0.196 0.014 0.009 0.267 0.734 0.627 0.048 0.823 0.743 0.638 0.561 0.223 0.075 0.796 0.437 0.320 0.266 0.501 0.056 0.223 0.470
0.683 0.398 0.148 0.173 0.358 0.547 0.268 0.370 0.319 0.760 0.572 0.271 0.665 0.288 0.580 0.904 0.129 0.049 0.291 0.855 0.811 0.601 0.394 0.704 0.723 0.331 0.919 0.352 0.156 0.089 0.759 0.681 0.060 0.014 0.658 0.991 0.396 0.222 0.176 0.678 0.573 0.523 0.937 0.517 0.317 0.416 0.991 0.513 0.587 0.253 0.833 0.307 0.545 0.801 0.429 0.983 0.922 0.542 0.800 0.995 0.851 0.633 0.657 0.830 0.189 0.193 0.281 0.843 0.568 0.727 0.085 0.491 0.572 0.118 1.000 0.928 0.874 0.329 0.027 0.492 0.377 0.100 0.506 0.963 0.331 0.365 0.425 0.106 0.664 0.661 0.189 0.814 0.136 0.026 0.399 0.006 0.400 0.761 0.552 0.921
0.375 0.373 0.835 0.433 0.700 0.351 0.442 0.165 0.497 0.378 0.152 0.732 0.862 0.242 0.790 0.265 0.639 0.957 0.007 0.500 0.581 0.989 0.798 0.509 0.842 0.589 0.913 0.553 0.132 0.535 0.839 0.270 0.961 0.473 0.126 0.548 0.213 0.160 0.386 0.792 0.526 0.080 0.333 0.458 0.191 0.007 0.937 0.685 0.491 0.175 0.205 0.384 0.263 0.307 0.807 0.507 0.779 0.315 0.305 0.390 0.854 0.014 0.130 0.774 0.863 0.577 0.696 0.009 0.988 0.105 0.038 0.946 0.303 0.497 0.928 1.000 0.474 0.506 0.100 0.043 0.006 0.540 0.873 0.718 0.106 0.917 0.255 0.486 0.118 0.970 0.399 0.794 0.657 0.839 0.506 0.685 0.737 0.478 0.599 0.446
0.517 0.197 0.396 0.041 0.001 0.339 0.284 0.733 0.775 0.973 0.898 0.404 0.679 0.279 0.185 0.026 0.832 0.901 0.745 0.289 0.196 0.999 0.219 0.413 0.303 0.905 0.328 0.799 0.577 0.798 0.630 0.154 0.283 0.939 0.233 0.297 0.411 0.159 0.130 0.800 0.407 0.235 0.242 0.048 0.475 0.710 0.443 0.548 0.649 0.156 0.014 0.040 0.722 0.357 0.989 0.819 0.706 0.237 0.859 0.289 0.251 0.711 0.777 0.783 0.676 0.969 0.881 0.137 0.125 0.811 0.672 0.367 0.922 0.042 0.874 0.474 1.000 0.177 0.713 0.364 0.814 0.418 0.098 0.344 0.135 0.831 0.519 0.381 0.414 0.611 0.716 0.916 0.536 0.279 0.627 0.563 0.957 0.977 0.022 0.447
0.781 0.374 0.371 0.481 0.411 0.221 0.419 0.695 0.482 0.091 0.630 0.677 0.533 0.689 0.063 0.501 0.968 0.508 0.162 0.738 0.568 0.467 0.819 0.844 0.974 0.708 0.781 0.899 0.725 0.210 0.888 0.591 0.986 0.610 0.158 0.732 0.420 0.021 0.606 0.943 0.617 0.746 0.615 0.401 0.461 0.955 0.623 0.388 0.121 0.329 0.938 0.463 0.639 0.174 0.924 0.494 0.204 0.085 0.651 0.392 0.233 0.868 0.409 0.010 0.992 0.892 0.989 0.802 0.643 0.917 0.317 0.989 0.313 0.756 0.329 0.506 0.177 1.000 0.782 0.924 0.085 0.858 0.195 0.507 0.309 0.024 0.489 0.406 0.100 0.066 0.800 0.258 0.956 0.835 0.766 0.102 0.102 0.469 0.747 0.748
0.372 0.323 0.191 0.623 0.776 0.159 0.150 0.650 0.617 0.122 0.339 0.345 0.277 0.050 0.641 0.268 0.912 0.471 0.130 0.581 0.386 0.541 0.472 0.328 0.723 0.967 0.052 0.794 0.322 0.847 0.333 0.073 0.143 0.374 0.385 0.720 0.026 0.709 0.249 0.276 0.927 0.666 0.145 0.857 0.480 0.137 0.771 0.587 0.509 0.807 0.844 0.144 0.316 0.927 0.716 0.575 0.896 0.085 0.249 0.116 0.677 0.166 0.956 0.865 0.872 0.512 0.607 0.285 0.040 0.695 0.372 0.752 0.971 0.875 0.027 0.100 0.713 0.782 1.000 0.071 0.614 0.631 0.022 0.777 0.164 0.395 0.078 0.957 0.232 0.950 0.433 0.546 0.516 0.362 0.336 0.313 0.553 0.631 0.077 0.663
0.461 0.388 0.229 0.278 0.218 0.786 0.676 0.240 0.022 0.077 0.328 0.746 0.510 0.718 0.059 0.156 0.763 0.075 0.632 0.314 0.877 0.166 0.347 0.209 0.504 0.667 0.334 0.154 0.558 0.158 0.343 0.082 0.872 0.818 0.606 0.628 0.670 0.294 0.356 0.906 0.245 0.384 0.841 0.288 0.024 0.279 0.679 0.777 0.347 0.954 0.651 0.150 0.987 0.881 0.364 0.145 0.268 0.319 0.541 0.149 0.361 0.394 0.447 0.706 0.979 0.640 0.212 0.358 0.546 0.661 0.908 0.275 0.403 0.196 0.492 0.043 0.364 0.924 0.071 1.000 0.260 0.575 0.782 0.978 0.672 0.361 0.078 0.054 0.405 0.050 0.580 0.733 0.975 0.434 0.177 0.432 0.823 0.204 0.485 0.149
0.987 0.241 0.272 0.584 0.939 0.634 0.147 0.992 0.113 0.403 0.032 0.115 0.756 0.183 0.477 0.735 0.451 0.152 0.289 0.513 0.319 0.299 0.206 0.587 0.417 0.057 0.331 0.504 0.112 0.701 0.445 0.830 0.968 0.857 0.484 0.159 0.685 0.491 0.775 0.075 0.487 0.812 0.194 0.067 0.698 0.678 0.578 0.721 0.542 0.763 0.905 0.120 0.411 0.016 0.847 0.511 0.207 0.803 0.324 0.962 0.273 0.885 0.298 0.394 0.248 0.452 0.196 0.926 0.341 0.143 0.268 0.465 0.736 0.014 0.377 0.006 0.814 0.085 0.614 0.260 1.000 0.333 0.779 0.528 0.484 0.292 0.970 0.521 0.975 0.479 0.272 0.270 0.139 0.988 0.164 0.395 0.297 0.652 0.708 0.555
0.021 0.082 0.688 0.954 0.379 0.213 0.513 0.456 0.646 0.415 0.412 0.300 0.651 0.682 0.322 0.041 0.766 0.188 0.685 0.123 0.361 0.577 0.396 0.402 0.836 0.614 0.312 0.167 0.519 0.701 0.436 0.229 0.495 0.929 0.058 0.386 0.794 0.255 0.321 0.521 0.808 0.010 0.720 0.287 0.140 0.800 0.184 0.412 0.497 0.878 0.888 0.375 0.156 0.275 0.538 0.325 0.421 0.850 0.707 0.805 0.628 0.803 0.892 0.033 0.892 0.166 0.495 0.005 0.883 0.852 0.759 0.926 0.197 0.009 0.100 0.540 0.418 0.858 0.631 0.575 0.333 1.000 0.912 0.628 0.102 0.488 0.182 0.725 0.931 0.453 0.748 0.526 0.668 0.436 0.690 0.894 0.221 0.682 0.167 0.700
0.987 0.348 0.749 0.309 0.971 0.518 0.991 0.090 0.605 0.941 0.400 0.907 0.530 0.666 0.932 0.070 0.756 0.148 0.283 0.370 0.614 0.107 0.075 0.881 0.630 0.019 0.624 0.214 0.271 0.825 0.840 0.370 0.532 0.309 0.340 0.763 0.454 0.824 0.639 0.749 0.866 0.500 0.998 0.210 0.850 0.013 0.957 0.712 0.640 0.798 0.540 0.723 0.326 0.967 0.116 0.117 0.137 0.512 0.873 0.358 0.205 0.309 0.068 0.836 0.395 0.534 0.720 0.681 0.426 0.310 0.105 0.429 0.389 0.267 0.506 0.873 0.098 0.195 0.022 0.782 0.779 0.912 1.000 0.993 0.108 0.098 0.813 0.840 0.295 0.081 0.383 0.092 0.562 0.591 0.472 0.042 0.337 0.536 0.854 0.119
0.229 0.028 0.154 0.090 0.174 0.026 0.612 0.868 0.540 0.597 0.022 0.003 0.664 0.716 0.210 0.048 0.252 0.392 0.953 0.823 0.634 0.024 0.950 0.973 0.196 0.731 0.728 0.619 0.421 0.677 0.823 0.552 0.228 0.323 0.462 0.778 0.470 0.067 0.663 0.756 0.328 0.402 0.086 0.731 0.822 0.122 0.347 0.175 0.526 0.619 0.380 0.716 0.948 0.220 0.514 0.802 0.744 0.937 0.248 0.527 0.564 0.004 0.520 0.166 0.789 0.625 0.445 0.356 0.133 0.221 0.053 0.462 0.180 0.734 0.963 0.718 0.344 0.507 0.777 0.978 0.528 0.628 0.993 1.000 0.084 0.661 0.915 0.025 0.265 0.236 0.308 0.435 0.715 0.640 0.037 0.340 0.562 0.255 0.601 0.532
0.056 0.023 0.956 0.584 0.094 0.916 0.859 0.816 0.599 0.491 0.243 0.368 0.692 0.324 0.371 0.283 0.396 0.756 0.529 0.141 0.090 0.571 0.170 0.024 0.147 0.167 0.123 0.843 0.380 0.451 0.970 0.124 0.233 0.070 0.717 0.630 0.921 0.671 0.968 0.078 0.963 0.236 0.970 0.822 0.164 0.666 0.563 0.039 0.109 0.874 0.821 0.454 0.114 0.448 0.242 0.376 0.123 0.760 0.443 0.318 0.781 0.985 0.059 0.176 0.686 0.215 0.995 0.983 0.339 0.844 0.689 0.156 0.573 0.627 0.331 0.106 0.135 0.309 0.164 0.672 0.484 0.102 0.108 0.084 1.000 0.197 0.294 0.548 0.424 0.046 0.984 0.056 0.918 0.505 0.640 0.131 0.506 0.266 0.024 0.478
0.779 0.719 0.496 0.053 0.140 0.698 0.702 0.888 0.329 0.114 0.310 0.416 0.721 0.518 0.940 0.710 0.981 0.951 0.439 0.568 0.004 0.534 0.346 0.594 0.174 0.598 0.716 0.319 0.612 0.865 0.434 0.190 0.315 0.082 0.178 0.095 0.327 0.914 0.096 0.260 0.010 0.704 0.785 0.717 0.682 0.655 0.951 0.451 0.330 0.802 0.118 0.679 0.333 0.120 0.549 0.804 0.119 0.913 0.337 0.568 0.387 0.050 0.668 0.042 0.427 0.998 0.239 0.018 0.566 0.125 0.806 0.759 0.986 0.048 0.365 0.917 0.831 0.024 0.395 0.361 0.292 0.488 0.098 0.661 0.197 1.000 0.045 0.060 0.736 0.489 0.988 0.596 0.671 0.460 0.212 0.578 0.763 0.799 0.290 0.037
0.837 0.698 0.612 0.631 0.838 0.655 0.879 0.965 0.397 0.027 0.613 0.089 0.311 0.097 0.927 0.508 0.778 0.349 0.302 0.723 0.611 0.244 0.068 0.064 0.076 0.968 0.002 0.740 0.351 0.401 0.841 0.359 0.208 0.137 0.029 0.626 0.132 0.031 0.593 0.100 0.133 0.960 0.706 0.201 0.762 0.090 0.928 0.448 0.066 0.765 0.730 0.802 0.907 0.486 0.643 0.778 0.964 0.453 0.245 0.925 0.304 0.015 0.165 0.499 0.153 0.518 0.649 0.117 0.673 0.344 0.228 0.397 0.286 0.823 0.425 0.255 0.519 0.489 0.078 0.078 0.970 0.182 0.813 0.915 0.294 0.045 1.000 0.215 0.165 0.393 0.325 0.908 0.980 0.579 0.295 0.271 0.233 0.169 0.171 0.222
0.940 0.302 0.855 0.176 0.882 0.061 0.765 0.998 0.426 0.563 0.139 0.850 0.839 0.386 0.377 0.451 0.772 0.270 0.842 0.475 0.703 0.021 0.760 0.217 0.525 0.407 0.897 0.478 0.550 0.543 0.808 0.372 0.950 0.898 0.938 0.354 0.494 0.846 0.173 0.694 0.103 0.247 0.809 0.643 0.355 0.726 0.109 0.060 0.370 0.656 0.066 0.432 0.153 0.886 0.164 0.917 0.943 0.535 0.959 0.633 0.013 0.444 0.945 0.722 0.518 0.663 0.757 0.242 0.386 0.745 0.610 0.333 0.076 0.743 0.106 0.486 0.381 0.406 0.957 0.054 0.521 0.725 0.840 0.025 0.548 0.060 0.215 1.000 0.440 0.377 0.025 0.928 0.152 0.522 0.350 0.508 0.167 0.005 0.065 0.453
0.522 0.520 0.579 0.893 0.954 0.883 0.497 0.999 0.389 0.903 0.422 0.876 0.802 0.554 0.771 0.745 0.251 0.518 0.576 0.974 0.237 0.215 0.795 0.170 0.552 0.529 0.595 0.554 0.293 0.989 0.563 0.737 0.299 0.260 0.002 0.654 0.661 0.759 0.890 0.780 0.978 0.636 0.403 0.768 0.419 0.122 0.429 0.639 0.589 0.122 0.872 0.940 0.986 0.203 0.102 0.572 0.291 0.419 0.302 0.321 0.669 0.189 0.195 0.795 0.673 0.896 0.877 0.802 0.639 0.805 0.350 0.935 0.503 0.638 0.664 0.118 0.414 0.100 0.232 0.405 0.975 0.931 0.295 0.265 0.424 0.736 0.165 0.440 1.000 0.469 0.520 0.851 0.716 0.539 0.347 0.250 0.759 0.866 0.230 0.389
0.750 0.180 0.723 0.984 0.815 0.923 0.942 0.960 0.133 0.265 0.026 0.084 0.017 0.882 0.440 0.679 0.769 0.774 0.892 0.353 0.673 0.621 0.080 0.884 0.381 0.118 0.637 0.572 0.044 0.618 0.912 0.978 0.338 0.801 0.907 0.401 0.006 0.326 0.103 0.538 0.809 0.495 0.430 0.027 0.588 0.111 0.854 0.336 0.839 0.842 0.957 0.817 0.012 0.458 0.600 0.376 0.401 0.985 0.167 0.656 0.765 0.676 0.656 0.571 0.169 0.163 0.578 0.177 0.728 0.555 0.692 0.794 0.186 0.561 0.661 0.970 0.611 0.066 0.950 0.050 0.479 0.453 0.081 0.236 0.046 0.489 0.393 0.377 0.469 1.000 0.701 0.447 0.836 0.313 0.025 0.576 0.310 0.858 0.629 0.799
0.888 0.068 0.830 0.425 0.782 0.712 0.044 0.090 0.097 0.312 0.826 0.250 0.435 0.474 0.371 0.197 0.493 0.906 0.473 0.181 0.658 0.843 0.832 0.891 0.960 0.367 0.019 0.590 0.557 0.970 0.596 0.247 0.011 0.306 0.381 0.859 0.259 0.239 0.675 0.607 0.377 0.545 0.090 0.192 0.097 0.482 0.020 0.496 0.267 0.120 0.706 0.040 0.292 0.437 0.310 0.062 0.326 0.584 0.247 0.193 0.504 0.888 0.836 0.577 0.118 0.071 0.055 0.009 0.434 0.631 0.527 0.014 0.786 0.223 0.189 0.399 0.716 0.800 0.433 0.580 0.272 0.748 0.383 0.308 0.984 0.988 0.325 0.025 0.520 0.701 1.000 0.589 0.060 0.813 0.204 0.975 0.711 0.472 0.293 0.810
0.909 0.031 0.029 0.436 0.218 0.490 0.999 0.454 0.069 0.914 0.123 0.469 0.947 0.965 0.157 0.664 0.595 0.232 0.445 0.619 0.738 0.544 0.865 0.923 0.472 0.748 0.636 0.274 0.366 0.325 0.315 0.357 0.568 0.407 0.055 0.437 0.045 0.079 0.331 0.252 0.290 0.083 0.470 0.295 0.316 0.415 0.432 0.309 0.640 0.500 0.292 0.997 0.517 0.567 0.599 0.979 0.767 0.491 0.746 0.602 0.478 0.768 0.222 0.753 0.617 0.545 0.622 0.820 0.392 0.532 0.683 0.843 0.773 0.075 0.814 0.794 0.916 0.258 0.546 0.733 0.270 0.526 0.092 0.435 0.056 0.596 0.908 0.928 0.851 0.447 0.589 1.000 0.390 0.438 0.251 0.495 0.461 0.116 0.304 0.924
0.882 0.943 0.371 0.059 0.103 0.251 0.435 0.723 0.065 0.544 0.590 0.161 0.971 0.252 0.934 0.431 0.593 0.366 0.823 0.346 0.398 0.255 0.146 0.426 0.789 0.010 0.537 0.624 0.500 0.672 0.927 0.208 0.258 0.914 0.011 0.693 0.807 0.557 0.461 0.338 0.164 0.949 0.372 0.283 0.947 0.997 0.358 0.528 0.504 0.661 0.119 0.510 0.101 0.478 0.934 0.929 0.909 0.692 0.798 0.280 0.150 0.341 0.597 0.583 0.196 0.160 0.445 0.695 0.038 0.185 0.921 0.021 0.492 0.796 0.136 0.657 0.536 0.956 0.516 0.975 0.139 0.668 0.562 0.715 0.918 0.671 0.980 0.152 0.716 0.836 0.060 0.390 1.000 0.450 0.242 0.486 0.772 0.060 0.198 0.184
0.189 0.466 0.038 0.899 0.405 0.209 0.781 0.452 0.889 0.808 0.148 0.449 0.370 0.081 0.877 0.084 0.254 0.061 0.499 0.599 0.848 0.710 0.738 0.794 0.757 0.082 0.512 0.086 0.348 0.759 0.443 0.636 0.918 0.987 0.219 0.565 0.376 0.414 0.446 0.817 0.530 0.790 0.901 0.808 0.357 0.761 0.873 0.668 0.886 0.860 0.741 0.342 0.652 0.964 0.193 0.819 0.442 0.936 0.835 0.613 0.656 0.009 0.363 0.786 0.848 0.378 0.591 0.601 0.696 0.484 0.486 0.888 0.014 0.437 0.026 0.839 0.279 0.835 0.362 0.434 0.988 0.436 0.591 0.640 0.505 0.460 0.579 0.522 0.539 0.313 0.813 0.438 0.450 1.000 0.667 0.943 0.775 0.434 0.341 0.370
0.157 0.002 0.357 0.731 0.651 0.641 0.482 0.286 0.934 0.133 0.955 0.019 0.138 0.941 0.666 0.937 0.645 0.247 0.069 0.255 0.436 0.993 0.864 0.189 0.239 0.171 0.105 0.020 0.524 0.554 0.566 0.420 0.309 0.488 0.954 0.942 0.460 0.321 0.523 0.358 0.327 0.477 0.648 0.423 0.123 0.941 0.334 0.251 0.084 0.092 0.712 0.749 0.940 0.052 0.598 0.627 0.588 0.297 0.836 0.738 0.233 0.053 0.172 0.526 0.736 0.299 0.362 0.585 0.115 0.681 0.074 0.324 0.791 0.320 0.399 0.506 0.627 0.766 0.336 0.177 0.164 0.690 0.472 0.037 0.640 0.212 0.295 0.350 0.347 0.025 0.204 0.251 0.242 0.667 1.000 0.931 0.684 0.706 0.485 0.655
0.980 0.324 0.048 0.024 0.097 0.156 0.154 0.967 0.948 0.153 0.737 0.399 0.927 0.392 0.211 0.358 0.718 0.916 0.073 0.768 0.208 0.410 0.820 0.418 0.893 0.655 0.836 0.029 0.113 0.523 0.552 0.963 0.784 0.990 0.893 0.116 0.863 0.655 0.045 0.165 0.646 0.276 0.722 0.518 0.028 0.862 0.007 0.052 0.617 0.534 0.445 0.767 0.552 0.079 0.172 0.016 0.200 0.311 0.262 0.652 0.733 0.715 0.344 0.525 0.287 0.627 0.625 0.892 0.233 0.064 0.274 0.247 0.798 0.266 0.006 0.685 0.563 0.102 0.313 0.432 0.395 0.894 0.042 0.340 0.131 0.578 0.271 0.508 0.250 0.576 0.975 0.495 0.486 0.943 0.931 1.000 0.533 0.963 0.796 0.768
0.868 0.380 0.121 0.031 0.395 0.912 0.805 0.699 0.199 0.401 0.782 0.520 0.768 0.409 0.188 0.819 0.871 0.353 0.462 0.280 0.247 0.554 0.585 0.101 0.845 0.254 0.880 0.551 0.697 0.960 0.451 0.170 0.730 0.736 0.635 0.884 0.231 0.643 0.187 0.153 0.742 0.702 0.781 0.326 0.385 0.437 0.021 0.697 0.765 0.365 0.757 0.000 0.535 0.088 0.850 0.668 0.496 0.888 0.254 0.427 0.320 0.889 0.894 0.392 0.353 0.827 0.989 0.028 0.143 0.336 0.945 0.128 0.580 0.501 0.400 0.737 0.957 0.102 0.553 0.823 0.297 0.221 0.337 0.562 0.506 0.763 0.233 0.167 0.759 0.310 0.711 0.461 0.772 0.775 0.684 0.533 1.000 0.540 0.627 0.479
0.988 0.322 0.015 0.037 0.025 0.396 0.548 0.018 0.732 0.135 0.413 0.403 0.884 0.463 0.313 0.286 0.359 0.716 0.476 0.521 0.613 0.211 0.251 0.595 0.362 0.757 0.032 0.926 0.999 0.684 0.084 0.166 0.554 0.895 0.064 0.687 0.015 0.696 0.873 0.440 0.118 0.013 0.899 0.337 0.717 0.405 0.100 0.013 0.541 0.429 0.581 0.437 0.469 0.891 0.333 0.106 0.368 0.911 0.701 0.991 0.566 0.612 0.909 0.066 0.801 0.355 0.080 0.137 0.852 0.115 0.214 0.270 0.407 0.056 0.761 0.478 0.977 0.469 0.631 0.204 0.652 0.682 0.536 0.255 0.266 0.799 0.169 0.005 0.866 0.858 0.472 0.116 0.060 0.434 0.706 0.963 0.540 1.000 0.264 0.901
0.277 0.558 0.164 0.831 0.396 0.275 0.248 0.743 0.492 0.465 0.215 0.477 0.160 0.678 0.711 0.130 0.541 0.186 0.473 0.561 0.179 0.082 0.254 0.968 0.898 0.620 0.044 0.163 0.786 0.550 0.584 0.642 0.819 0.607 0.755 0.652 0.533 0.281 0.825 0.361 0.126 0.745 0.021 0.754 0.148 0.619 0.141 0.481 0.583 0.653 0.278 0.256 0.395 0.346 0.815 0.860 0.671 0.136 0.083 0.872 0.234 0.752 0.237 0.151 0.063 0.573 0.609 0.931 0.056 0.123 0.399 0.915 0.507 0.223 0.552 0.599 0.022 0.747 0.077 0.485 0.708 0.167 0.854 0.601 0.024 0.290 0.171 0.065 0.230 0.629 0.293 0.304 0.198 0.341 0.485 0.796 0.627 0.264 1.000 0.566
0.095 0.564 0.292 0.541 0.950 0.582 0.764 0.039 0.077 0.736 0.637 0.273 0.721 0.640 0.438 0.723 0.945 0.692 0.667 0.845 0.958 0.893 0.398 0.731 0.218 0.156 0.469 0.659 0.622 0.419 0.630 0.341 0.693 0.405 0.831 0.624 0.796 0.828 0.976 0.749 0.963 0.481 0.771 0.179 0.894 0.909 0.627 0.628 0.857 0.906 0.077 0.487 0.087 0.282 0.823 0.718 0.509 0.897 0.429 0.043 0.177 0.078 0.768 0.316 0.337 0.719 0.773 0.908 0.164 0.192 0.978 0.025 0.173 0.470 0.921 0.446 0.447 0.748 0.663 0.149 0.555 0.700 0.119 0.532 0.478 0.037 0.222 0.453 0.389 0.799 0.810 0.924 0.184 0.370 0.655 0.768 0.479 0.901 0.566 1.000
